8.148639562015812521e-01 -1.262588599692949787e+00 -1.533408681284468056e+00 -1.005596164974496831e-01 2.956517181310322831e-02 -2.549926853634304491e-01 9.316468279222551718e-01 -3.679901882612059416e-01 6.211702430571440781e-01 1.689991733330711288e+00 7.407531235426402239e-01 2.445566238422108851e-01
-1.271289095197780106e-01 1.046579278351971176e+00 1.994745503087872684e+00 -6.307328891073077370e-01 -9.974065975693402475e-01 -1.168409429622122575e+00 -5.847102340210856841e-01 5.338114479816315205e-02 2.870409901739765651e-02 -5.710702024352330014e-02 -1.439709107700690716e+00 -7.584757368456356286e-01
9.212736367896919853e-01 -2.932506879053150550e-01 -8.998967388574238280e-01 -5.558850117305232930e-01 2.738010362069044135e+00 -5.016114050330762186e-01 -2.485174068152072202e+00 9.549957101075172705e-01 -1.822708222194486138e+00 -1.652037476422417495e+00 1.658321463726059319e-01 6.406833793398321319e-02
-9.132099338306297609e-01 2.261566556209285983e-01 7.091916196824313845e-01 1.353667862237964703e-01 -9.206710826171519146e-01 -6.864733243804663765e-01 -6.365599141098814417e-01 -2.107343858251641347e-02 -9.833203878795104824e-02 1.083820073555264774e+00 7.423354400552844012e-01 5.668572954266678510e-01
3.036837587484886303e-01 -7.670348971511858904e-01 1.004684648979909056e+00 -3.466068608615347491e-01 -4.294858609835665586e-01 4.378659458761593459e-01 -6.111050679507671335e-01 5.789062976103982461e-01 -4.968768183654461712e-01 -2.465976876116218186e-01 -9.505312524615635583e-01 4.733826081417561449e-01
3.837733628550794585e-01 2.244637344722113237e-01 -3.975911743576978075e-01 -8.511964397199548449e-01 7.499492157893005162e-01 -6.975764580631661493e-01 -3.970282294626046454e-02 8.344521604277468363e-01 4.947317414810953884e-01 1.654629645248758107e+00 2.096091489382276851e+00 -7.727448625861471632e-01
-2.985979154284085779e-01 -1.873838887205358850e+00 -1.906067141230600726e+00 9.382189100177723562e-01 -7.945092436918005374e-01 -3.742171753886416319e-01 -3.110541261695249915e-01 7.879960326055361897e-01 1.795724561866535396e+00 2.413293264040181352e-01 2.206826781728497833e-01 1.026378313334439740e+00
-1.115358522526881946e-01 2.806269777444344096e-02 3.636632394637972360e-02 2.887143966808981554e-01 -2.232873359561367288e-02 -1.862276495924501285e+00 -2.131992233968321493e+00 1.058789959929854474e+00 -1.830101531077560573e+00 1.057476341924342922e+00 6.592859802656818591e-01 -1.757537963454957275e+00
-3.178933418367311248e-01 -3.580656774997580810e-02 -1.568843442198013305e+00 -3.450007816952966877e-01 1.233258505578183950e+00 -6.530532822189806241e-01 5.359486473041367161e-01 -3.683379728161657873e-02 -4.785083071638834840e-01 -1.704259663002010816e+00 -1.174034394978075990e-01 -9.629965735997767506e-01
1.145219757448231457e+00 8.189699465451925064e-01 6.539623097848834554e-01 -1.063014164028520003e+00 6.566984890732502356e-01 -6.273515214953617747e-01 -4.428909519457198130e-01 -8.550690991766439764e-01 1.197931499751758722e+00 2.085886761001593204e+00 1.316543119116937000e+00 1.580564406519750609e+00
-1.533484854073285941e+00 -1.725577054741505245e+00 -3.389913921052354340e+00 2.064824968004098871e+00 1.067803511498937485e+00 -1.705807513256736074e+00 2.443512968363697746e-01 -1.982327239581826772e+00 5.085768038011522219e-01 2.352178340928050837e-01 -1.481291527833666688e+00 -3.943915489980751587e-01
-1.343559640367821606e+00 2.254954038258372429e-01 -9.849134945846361733e-01 6.997912061586856192e-01 -3.397153463955307484e-01 1.639107124367939816e+00 1.659042562132259313e+00 4.416954970667791858e-01 -2.107667370881041446e-01 5.215088084632291121e-02 6.608138938826071951e-02 2.391579148604164207e+00
-2.084994333272417733e-01 -8.608166116599924589e-01 2.616605584426548448e-01 1.261969513568321766e+00 1.047166046892811925e-01 1.029141537614562285e+00 2.479897927684799441e+00 -2.826491996186571432e-01 4.907947017170325998e-01 -1.559160282420720245e+00 1.189832816397021542e+00 2.199910611568269836e-01
5.957563450119042203e-01 -1.349956442654506095e+00 2.789091065961508686e-01 -8.818692771651965856e-01 -1.095258519646718831e+00 6.152485787508269466e-01 6.597800646135358882e-01 9.570817302589526565e-02 3.750683051218566821e-01 7.798662934640619993e-01 4.397013008570099801e-01 -1.267357619461197293e+00
-7.473061149707906914e-01 5.350473860770699197e-02 -4.074879395167926854e-01 1.078854449551744032e+00 1.185463252304705284e+00 5.568939305752286240e-01 -5.216180663286068553e-01 1.172232327845639022e+00 6.970852455774880774e-01 6.108693392377865239e-01 -1.616355078720889793e+00 -1.383851000260622133e+00
-8.950986062595397419e-01 -1.181335404449620929e+00 1.106377305728333260e+00 2.111073382954040401e-01 -7.958552183362010979e-01 2.038440457549923757e+00 -2.300351856791149063e-01 -1.163700227678673649e+00 5.568643973588682794e-02 6.032410302841818561e-01 -9.442042673855164381e-01 -4.389639397124526360e-02
7.205300037611257480e-01 -1.090560435902188097e+00 -4.613324177028534367e-01 7.599571591639322499e-01 1.637735205546849260e+00 4.248145169791461839e-01 -4.218730074755888682e-01 -5.994074670951679007e-01 1.948354959314392065e+00 1.477746901543228963e+00 1.814644927912138828e+00 1.575190748227559778e+00
-4.894035037488296269e-01 6.092118725930405487e-01 8.020714271746918200e-01 -1.549394917495507673e-01 2.284648414369048641e+00 -8.642340594565071921e-02 8.179112463210088668e-01 -8.994871691354002774e-01 1.605337162942075402e+00 9.946758865705034314e-01 2.045536308758798327e+00 4.635736579232142551e-01
6.146783610963454381e-01 -1.244823964316289944e+00 6.974948628308090814e-01 8.139048407186443290e-01 1.094565813111743502e+00 2.505468069482669868e+00 -9.520001045805424056e-01 4.489913630329677163e-01 1.035381916441011185e+00 -4.354394042834038303e-01 -6.022107687806187437e-01 -6.924621603966144012e-02
-2.995267834392125184e-01 -1.303363581076904198e+00 -3.687384699997638959e-01 -4.612234332475075305e-01 1.437881617962548653e+00 1.463113854336576924e+00 -4.351830894634436953e-01 -4.900885532882631734e-01 9.603502599117860195e-01 3.224328559528407689e-01 1.093623392297244701e+00 -2.401580753308930838e+00
-8.250827588884263042e-01 2.609763603187033043e-01 -1.481615075261208503e+00 -1.044222449913497552e+00 2.516501481622991587e+00 -5.474853119734255369e-01 -1.059071760583214727e+00 -7.394972672739513753e-01 -8.147135055157619377e-01 8.412018906570476462e-01 7.959469798960903952e-02 2.275068069207512311e-01
5.965809567585864809e-02 -1.342629238741194886e+00 -9.837729600236456706e-01 1.116379074152556994e+00 -2.998886568269842900e-01 1.000879168155449195e+00 6.849864701600432149e-01 2.379171267000929901e-01 -1.951090464922877299e+00 3.199755254817533978e-01 4.544204481032118048e-01 2.083777669768802632e-01
5.574598853504899587e-01 -7.577951759367701490e-01 -1.612897736286982964e+00 4.567605077245518452e-01 6.733714532051641166e-01 -4.806356724841867600e-01 -4.164137234445016711e-01 -3.417136520062822452e-02 -1.534129948145739886e-01 9.608115949653858179e-01 -6.932101276826735381e-01 3.730053826314555510e-01
-3.412888908785065012e-01 2.835694656157111138e-01 -8.854548174175490560e-01 1.153020046969415180e+00 1.705076915381642799e-01 -6.647178680903608194e-01 3.048890017001889552e-01 -1.060272529278103004e+00 1.861956445522060299e+00 4.351079647724823141e-01 1.772565311080970263e-01 -5.172625649458905128e-01
-1.203541163806373770e+00 1.572626789247068446e+00 1.665989105957108030e-01 -1.643816477668461395e+00 3.891136520485972694e-01 8.534482877570988280e-02 2.520098531225706262e-01 -6.281705517384964521e-01 1.363605534747206194e-01 -1.172839130916510708e+00 1.926094840581477285e+00 2.935204399022227628e-01
-1.573960267000004354e+00 -4.017906814404546556e-01 4.788301087366097497e-01 -2.899514078769095948e-01 -8.833744427976357727e-01 -1.338158588251389336e+00 7.663221423204882310e-01 7.954641558998690742e-01 1.425664152650286010e+00 1.350177555059826062e-01 7.575184976107238732e-01 6.714233966549060240e-01
-1.599150294455016441e+00 5.133469913793720085e-01 -4.047785864012192758e-01 1.142548132294653795e+00 -2.458447863519285459e+00 3.729777759549945393e-01 4.465580469673608999e-01 -4.165602713067560470e-01 -4.132607002037080313e-01 -4.726807374946416784e-01 3.753630324494260373e-01 1.056131346277659588e+00
-1.129704088624276404e+00 -6.050263376932096815e-02 -7.206015542459343060e-01 1.543230679566532260e+00 -1.510976097624450454e-01 1.412718783939828304e+00 -1.581443633386210523e+00 -8.809647907920823418e-01 1.063668339647835692e+00 6.196901948989440995e-02 1.323386850103292489e-01 1.411044902979379512e-01
1.221210030127862334e+00 -3.385461912533109241e-01 1.418667101030868460e+00 -1.013590447813118356e+00 1.507238600879460488e+00 -7.705933653614392975e-01 4.668652224941553519e-01 -7.850376088176943545e-01 7.785022776578064407e-01 -2.618316478126109459e+00 2.091500325145664585e-01 6.222730716821522901e-01
-1.184011272448765917e+00 1.723181835443951260e-01 -1.269193549177672908e+00 6.323703550150127084e-01 6.473409965302386881e-01 3.483269230388920112e-01 1.689262613274947755e-01 -2.773580027031569695e-01 1.491582563540898576e+00 1.283346293888178336e+00 -1.464035008097033463e+00 1.569571761212690542e-01
7.631789769239386567e-01 -1.574387963156693646e-02 1.367141553230538875e+00 1.158970770287661711e-01 -3.223825889910676978e-01 1.429559324429483746e+00 2.822967127718656877e-01 -9.140082794077695194e-01 7.582533974120319042e-01 -2.011219493039586581e-01 1.091818841757425051e+00 -1.072833404213546338e+00
1.128948619073128601e+00 1.086039638816788777e+00 -6.252924333545736846e-02 1.144012303973058087e+00 5.401092838892902759e-02 -4.803771046076060203e-01 -9.703854557914081136e-01 8.178441550546292418e-03 1.032768397239223646e+00 -2.923190456138519688e-01 4.634766246088651287e-01 1.019407725638478368e+00
-3.391710174118098831e-01 -7.186331934330479898e-01 -7.219581368919231190e-02 1.228223353003987106e-01 3.052923187091620694e-01 1.808295861240676039e-01 3.685192791352798758e-01 8.633628943581004300e-01 3.410070367320079399e-01 -4.174035290138666254e-01 -5.121385073372408669e-01 3.400494691117316726e-01
-1.340982527715331551e+00 2.665445648791597844e-01 -2.189581171969398887e-01 -8.288118051682725751e-01 8.234396839254064515e-01 2.023691162043013067e-02 1.643571845988598679e-01 1.844444225237750423e+00 -2.460475341118551762e-01 6.414606117234270544e-01 -8.758624362637237315e-01 -7.054946545786768830e-01
-1.177382427753797645e+00 1.433049760372249459e-01 -5.889635149435605843e-01 1.351039428631663153e+00 1.159647936433849225e+00 3.157897684827652984e+00 1.323713213425799173e+00 9.758571038699894729e-01 1.548702910566940039e-01 -6.626531879563096750e-01 3.888611966544251453e-01 8.460882016889144097e-01
2.351498644546747396e+00 -5.530944499868525321e-01 -1.624724304903970573e+00 9.020056243953848696e-02 -9.965303876468203370e-01 8.957333168884511476e-01 -9.931744583203578891e-01 -1.034198963895540807e-01 1.769809371109152818e-01 6.460865571429830201e-01 -6.682094362231253415e-01 -1.592000204649560935e+00
8.442449983618355303e-01 4.717290795897952638e-01 -1.094204080269279622e+00 2.585454813011852093e-01 1.041712229867594042e+00 -1.259853829262215230e+00 -8.119748502111200361e-01 1.028938055980397753e-01 -4.860207355962137821e-01 3.738987753117479773e-01 -1.856973441227737220e-01 7.426092685223397716e-01
-6.682082529894866063e-01 1.241997929317839311e-01 -1.311466457813754927e+00 -1.198232691653282389e+00 9.351680317070515391e-02 9.871137111426541155e-01 1.471480705907332931e+00 -9.688673050931879693e-01 5.780562347074753582e-01 -6.218091722059780890e-01 -1.613008406663402339e-01 -2.032065685161493496e-01
9.211513524815813092e-01 -6.270369567231003360e-01 8.812736371120004630e-01 3.312783303708738414e-01 1.467211864218439799e-01 4.964782972297682173e-01 -2.012128996343991894e+00 3.498887012570202626e-01 5.997822151449477834e-01 -6.760977999990657183e-01 -3.448313973704450475e-01 4.320407061421601691e-01
1.000878089283988137e+00 -5.147206756611183431e-01 -2.670981101291949322e+00 6.531531011702393918e-01 -2.896086776303937182e-01 1.172318942067844594e+00 8.303505010846073953e-01 7.770296427108080994e-01 -3.211244690924767720e-01 2.344504773482334048e-01 -1.704854937939762838e+00 4.635842594746242828e-01
-1.472023392006250653e+00 1.154386813575861037e+00 1.482616286686380569e+00 8.752241931562128041e-01 3.696960796657691728e-01 -1.055551837473656551e+00 -4.448580056921728754e-01 -1.177754602333788592e+00 2.992563076784978682e-01 -5.600874399484799537e-02 -1.046549260769903678e-01 1.548127890130579942e+00
-1.892140280679382558e+00 4.826337350081338906e-01 4.836466766515505888e-01 3.546804493392816116e-01 4.466909807561543766e-01 1.025357201857771239e+00 -5.692348623049243717e-01 5.874281889749971564e-01 1.212044261389167987e+00 -2.807886380491200207e-01 -2.887810474744835210e-01 1.128612095440497010e+00
1.544216268395417480e+00 -4.641843805239089793e-01 1.029180173123581898e+00 -1.697916967075966843e+00 -9.706256310805134735e-01 8.736724977049424579e-02 -6.311665922631135017e-02 2.388083696484598062e-01 -9.592166016224511482e-01 2.081726185864545275e-01 4.940055489534819766e-01 -6.410874117284426355e-02
-1.827948555114264351e-01 -5.831320344096561081e-01 -9.326836575209299651e-01 1.865579366708727260e+00 2.053239228456190446e+00 -2.481819254589522072e-01 -1.484698005441868751e-01 2.457228198810838649e+00 5.915314121265047298e-01 -3.438303339829860694e-01 9.032091705481105626e-01 1.396023428314225656e+00
-4.742436293043828521e-01 -2.148827700487393189e-01 -9.531022810372914433e-01 2.090490387532157046e-01 2.383286154598439843e+00 2.474438309299331618e-01 4.591136238464926245e-01 -1.237723035405811522e+00 -1.920281439662317458e-01 -1.035799025815123287e+00 -5.537076224238172140e-01 2.839703716855333515e-01
7.459655581448949579e-01 1.341314753842784313e+00 2.952952567745109613e-01 -3.977267237537330802e-01 1.071974598383830468e+00 -6.119475502370963493e-01 -1.381455618391189410e-01 -4.635421446127802048e-02 -1.780840794845736541e+00 -1.327573445643074335e+00 1.134718297220099537e+00 -6.977779319381191003e-01
3.284834184427811166e-01 9.958352271733960093e-01 3.169036315322145136e-01 1.977504509605020333e-01 3.764433213080621288e-01 -1.533376134826597292e+00 1.716294025794518507e+00 -9.230894789790704547e-01 -1.808488708094170949e+00 -2.076100176008789377e-01 1.146887365102607026e+00 -8.152744304604792047e-01
1.458182146596619655e-01 2.137002593551771690e-01 -3.001237889444608453e-01 2.304226533449827141e-01 -1.691694664596244069e+00 7.454146702545435543e-01 -2.254151564054443391e+00 -1.345198826675930048e+00 -1.256250132123285512e+00 2.242675496122893686e-01 5.531770181389106256e-02 -4.873340398308790844e-01
-3.517762778780411659e-01 -3.282374557391932735e-01 1.746804131013131034e-01 3.263134712976796248e-01 -9.518710221598088161e-02 9.883389891192334575e-01 -1.553311202474876029e-01 -1.780712465336378447e-01 4.220393654927850902e-01 5.063231470971533144e-01 7.625298060299807723e-01 2.543652688112356119e-01
1.117652409953098225e+00 1.160610038810073297e+00 -4.977364587343173219e-01 -9.067612738388870497e-01 1.326808529794743174e+00 -1.168132385628962711e+00 8.836919100023556128e-02 3.237141739111126792e-02 -1.160798783443925508e+00 -1.492183029736007693e+00 9.107130032308722312e-01 -9.130815307583257656e-01
1.679845722745066050e+00 3.787131005155437991e-01 -1.213528721246537989e+00 4.752254826836412316e-01 -4.793290814708622283e-01 2.477418513433104597e+00 1.881272833305039013e-02 1.172893033063811652e+00 -1.440933852888101052e+00 6.844292270555586422e-01 3.908231469584699802e-01 -3.983699689643024205e-02
-1.120872377986503077e+00 7.951017628522796254e-01 -7.631923530771784758e-01 -4.248954844467559555e-01 -1.839483179312168648e+00 -7.954875845034816706e-01 -7.936988397121904626e-01 -1.270955036086148571e+00 -1.233489791060940338e-01 5.442252468914494656e-01 1.295217058555878431e+00 5.615585365097172099e-01
2.054013333442928912e-01 -2.574834345778951872e-01 -1.203357729406477672e+00 8.380210456685490694e-01 -7.590187703505227867e-01 -3.441888339526683743e-02 7.456463481698800688e-01 1.710925729770039538e+00 -1.879591090653281338e+00 -2.260281015996785658e+00 -3.051102928977779127e-01 -1.378491358688986423e+00
5.126165787821228559e-01 -9.235694067072903746e-01 -6.414094259834176581e-01 -1.305858296932150830e+00 -5.550591743710540094e-01 -1.017735838131518911e+00 2.494860846821237432e-01 -2.402358442571904451e+00 7.751161143309213131e-01 2.918322224299887413e+00 -1.408673405819860669e+00 -2.177432584312695985e-01
2.200770551936814257e-01 -2.223319838526668146e+00 -1.832784104552903359e-01 3.999093936954956074e-01 5.134063547684437623e-01 -3.959999805535137085e-01 -2.081936980109921009e+00 -3.360482921099259279e-01 9.868534578032768234e-01 -8.807139204871944349e-01 1.102383276902096476e+00 -3.461892611333260150e-02
-1.352257317613139165e+00 5.541781406000366728e-01 -1.100245277722192050e+00 9.206063993864941342e-01 1.704373321569964683e-01 4.041469744435330913e-01 -3.822871682491771339e-01 -1.164422219282126303e+00 2.447535606921301954e-01 -1.789833959508390637e-01 7.489170394403574793e-01 -1.497471511129692567e+00
1.667882519374149997e+00 6.627259965565385214e-02 1.732092929363630296e-01 -2.329816014715612837e+00 5.539643748289496683e-01 -6.117882982400271175e-01 7.677351065255498819e-01 -3.317084144722168282e-01 -7.767513323767214484e-01 -2.355001984063857245e-01 9.925602631273047760e-02 1.238579340964542030e+00
1.729979224499073320e-01 -6.378630543872731984e-01 3.239955370660089207e-01 -1.310297352572054930e+00 5.566472091006231526e-01 -5.438204356218371283e-01 7.488607216826296265e-01 -9.405958453627157878e-01 7.525859184487483367e-01 9.270315370639070629e-01 8.300371013386044217e-01 5.736991002754813218e-01
-1.182484386005804439e-01 -1.836202281216089416e+00 -9.335112999358138319e-01 -4.835762443326269699e-01 5.090479346451252107e-01 5.479316573248724787e-01 8.399748153943129569e-01 -5.071738977413398075e-01 -4.463308595499213549e-01 9.316105696752405851e-01 -2.053265775863029885e-01 -3.664578161955449054e-01
1.334439441703062279e+00 4.139975512947437486e-01 1.904114808380026336e-01 -7.962830346802125814e-02 -2.018931032131548342e+00 -6.633196468174645810e-01 2.265178316297562777e-01 -3.673927862611058859e-01 -3.371141874869407751e-01 2.580230583429665367e-02 1.962054310377017385e+00 -1.392217296555534167e+00
-1.934826235664044158e-01 -7.456673267162289287e-01 -3.404971334333861677e-01 4.729334122963657072e-01 1.305256012891679918e+00 1.256398184652321171e-01 5.775572927716084159e-02 8.241374339994746168e-02 -4.672253795686481803e-01 -4.345168737483705024e-01 3.776620158706663760e-02 1.074100635135138704e-01
3.489885786675551715e-01 -1.407364834395667508e+00 6.911207042679851087e-01 8.919437668195193680e-01 5.057866424634579472e-01 -6.472729361902190837e-01 1.688692296966201711e+00 -2.593953938024121664e-01 -2.155766115729434329e+00 -2.104753129012313650e-01 -1.372460979310393903e+00 1.193853418763367147e+00
9.707039797119100533e-02 2.038685454643024419e-01 5.737490781111828086e-01 -2.761129450824535425e-01 -9.316610757101881912e-01 -6.896038340399742728e-01 -1.006495828996561537e+00 -8.003530204887077115e-01 -4.883417502960865630e-02 1.061322835436542711e+00 1.075147839135745242e-01 -1.918425860551309370e-01
-1.513204070492531805e+00 2.459687269614847793e-01 3.740238405162354951e-01 -1.470151354426739276e+00 1.009424557219864793e+00 5.824519283747512377e-01 -1.084923384244829592e+00 1.232883949399587786e+00 -1.867380206264354747e+00 -6.324131393769961695e-01 1.446760318023096792e+00 1.358642055377315083e+00
-1.072943506989056495e+00 -1.700932636628846861e+00 7.819297911005881341e-01 -5.875198716568774682e-01 -2.005412910977305785e+00 5.518890432613575703e-01 5.983123421811956666e-01 1.079752982134189881e-01 -1.223136841541585085e+00 1.202367930868791568e+00 2.044327162602100345e-01 -2.221274535318689403e-01
7.959558522736379649e-01 -3.985587681924830927e-01 -6.150954829596388951e-01 -5.008693442978665589e-01 4.838204396858225009e-01 -1.792470858724037885e+00 -1.405906416593591501e+00 -7.826425209376701719e-01 -1.655639382379026081e+00 5.945127358808176554e-01 1.040719971752195105e+00 6.231080646070367157e-01
-6.667663472948289760e-01 8.737847075517543027e-01 7.841617751202503150e-01 1.035726953950277330e-03 -1.337900525955918463e-01 -4.704378309692240356e-01 -8.108555218088047134e-01 -1.139443125069188767e+00 -5.899364273351552779e-01 3.879113921076282057e-01 -4.755780422051034684e-01 -1.302691202757261468e+00
-9.713016150362080436e-01 -3.621519672098509612e-02 1.001201965556157036e+00 -6.741983855433321127e-01 -4.319348555221310670e-01 -1.208911931702916664e+00 5.715206528301301769e-02 1.288783451232384802e+00 7.114947030370776249e-01 -9.125983885916021388e-01 -4.787665895322417153e-01 -1.038707159984299633e+00
1.117043889779257393e+00 -6.733448017124975538e-01 -1.194751928523681395e+00 1.503036242287029589e+00 8.125067892785804713e-02 3.304146373591564378e-01 -1.858604075310289483e+00 4.484335285555172690e-01 -6.644210621352231172e-01 -3.665294165359963552e-01 -7.171945181463076358e-01 -1.715483732870987543e+00
6.731247232417549853e-01 -8.484586373468101517e-01 -1.304473589491398355e-01 2.038650456269499589e+00 -4.175300266300210339e-01 -6.629466670233140624e-01 1.765817819739518568e-01 -1.850788675980872489e+00 -3.040165596216348742e-01 5.955999436960904836e-01 -5.555005542407671637e-01 -5.170050850758387551e-01
5.200165875122975123e-01 -5.073915819536928273e-01 7.176067799638705669e-01 6.972618567733503969e-01 3.758647758817033890e-02 1.480174523764373529e+00 1.296197199348091189e+00 -2.167821445955780746e+00 1.305031781420414205e+00 5.634709904756882715e-01 5.719345612271811152e-01 -6.238903235209594111e-01
-1.079977217705397674e+00 1.346426078987224217e+00 6.662566107988410202e-01 -1.751181398607161821e+00 1.690691256159374323e+00 -4.796080161358112215e-01 -3.835353028788543450e-02 -2.220564009165068853e-01 8.683352878742236491e-01 1.370289067791158333e+00 7.969342515470632105e-01 -3.276066535993534257e-01
1.311571808316073895e+00 1.947848635144092455e+00 -8.336432335219775558e-01 -7.679429550339139654e-02 7.582013917692502769e-01 -3.648600431207258965e-01 3.786330833141203778e-01 -1.129457313049503364e+00 1.916133219091062267e+00 9.347002526749373374e-02 2.005216882141999113e-01 -1.616985574187375652e-01
9.940942469201545784e-01 -2.043222029493005909e+00 1.399403725189485526e+00 -1.890512519609697240e-01 -3.322693429015986522e-01 7.290856026041968585e-01 -1.677581748623858449e+00 8.136967859492710842e-01 5.043291490551181644e-01 -1.404495960358506323e+00 -7.607018107194182255e-01 -2.710827646114719047e-01
-4.734144429368697948e-01 1.350914471974805187e+00 1.773625162045921133e+00 -9.989554850555685261e-01 -6.565831375754763721e-01 7.206960225367284867e-01 3.123746178713153188e-01 1.053281286811277528e+00 5.629714592545224106e-01 2.944918124386656233e-01 -1.021727288331491845e+00 -8.691170539777102189e-01
-1.324695101372527217e+00 2.584976299611543293e+00 -6.322018105781311847e-01 -2.599007768492941350e-01 1.098159126518937434e+00 -2.769453598960606722e-01 1.282175780959770028e+00 -1.027125404720313107e+00 9.841251332632280358e-01 2.675299055997455988e-01 1.073334324267602558e+00 7.631457421506051553e-01
1.794019666129054835e+00 2.449607263494731235e+00 -2.489915340828004364e+00 9.524755017147702452e-01 2.830668472665458513e-01 -2.215514618011668269e+00 -2.799567815046067124e-02 3.034375047996209940e+00 9.741109872477711207e-01 1.107200139973794073e+00 1.100884045464131988e+00 -3.749993157079440920e-01
-4.505176269083148721e-01 4.927950860073292416e-01 -1.626396591573928463e+00 5.728888611108814422e-01 -6.083051421796600300e-01 2.514109882778703398e-02 8.007748875641432784e-01 1.400786249558933605e+00 9.680199771578298362e-01 6.675735694988922386e-01 7.442406005472833597e-01 -7.259769790739282191e-01
1.691545839855153055e-01 -3.388308776885566864e-01 3.770324734902871233e-01 -1.022834458425348592e+00 7.723696057910486856e-02 9.781375350154114523e-01 6.855013320993272874e-01 -2.804539768107619513e-01 -3.923262209778860532e-01 -1.360624343108930878e+00 -1.534357696131510296e-01 -4.586425794902345143e-01
1.025337004392165019e+00 -2.220300037620929479e-01 -5.854555468391462458e-01 -1.706808469495405323e+00 5.565150689518015836e-01 -7.396760992593089945e-01 2.796812257596331119e-01 -4.964393419401470775e-02 2.156154288882165204e+00 4.138159386837981235e-01 -8.845096110032209247e-02 5.831651394353194462e-01
9.046345922956191554e-01 -2.057192663885466788e-01 -2.150595389267774493e+00 -1.421839543151053042e-01 2.523556689092418814e-01 2.315465828128741507e-02 -7.906390688181008652e-02 -2.274108242660219048e+00 -2.904270173179230308e-01 7.796975824550317347e-01 1.082819581301211365e+00 -5.769932009339419077e-01
-1.581521170421282596e+00 -1.291965777984266373e-01 -9.065375298491248346e-01 2.417253772032689763e-01 -1.000530546466145143e+00 -8.930328303951609037e-01 2.235895431175272396e-01 -3.126601753117576044e-01 -1.187096056064986360e+00 1.329383746164378433e-01 -6.588150388782941791e-01 -9.413886297445833717e-01
-5.112216802358501289e-01 -2.927016905417447745e-01 -1.530897848471790779e+00 1.206426134676518824e+00 -8.718681275326072289e-01 -7.030225045208892132e-01 -1.611711522485008929e+00 -4.922370415104011798e-02 1.228322016734599398e+00 -5.647548922760973200e-01 2.506644467947921062e-01 -4.275665192606559195e-01
-1.242033091048361015e+00 -2.562907301692262774e+00 -2.194137103678369394e-01 -1.331580452936432346e+00 2.486598174392548266e+00 -1.000616477885787781e+00 -2.292537065870287716e+00 -1.970099977162684146e+00 5.722810930767358029e-01 1.945909906182565985e+00 -1.522523975551774544e+00 1.546768785886721176e+00
5.151520163751170667e-02 1.235640674091945890e+00 3.631795860800339781e-01 -1.529653283487496518e+00 1.874188482110425547e+00 1.310283583146986564e+00 5.211356709926204811e-01 1.059917345182890547e-01 -1.454998980427698818e+00 -8.642560662319392906e-02 4.082059612545457794e-01 -1.613384917373499761e+00
3.499420899689252573e-02 -1.401547317401975190e-01 9.286253587067450077e-01 -3.322761231747839439e-01 1.160192258044229624e-01 -7.390578954916681154e-01 1.361033530378416456e+00 -8.777047712647743083e-01 7.988320863275782946e-02 4.357311459125575714e-01 1.238288435669294696e+00 1.085222089159503023e+00
3.114335625110924155e-02 -4.282816920654218817e-01 1.136597391380644639e+00 6.498089800609042621e-01 1.659794187952097655e+00 -1.434048405765462109e+00 3.478444017694692914e-01 1.146291895583562370e+00 1.871944471082437056e-01 -6.824575228649794323e-02 -1.967245530666217601e-01 -4.622025674311996957e-01
-2.001001844912209116e-01 -4.953924560368220265e-01 -1.454866741495181248e+00 1.989591619810981760e+00 1.080106017847278915e-01 -1.336740987804012626e+00 -3.397870743419197925e-01 -3.706531929615027865e-01 1.889587698332355403e+00 -7.758801286149006465e-03 -1.783990611577884744e+00 -2.380167785833858796e-01
2.559857601222708112e-01 -6.898160291182804382e-01 -1.419897729265593711e-01 3.433008807088797076e-02 2.932578041976937056e-01 -1.372033161252234512e+00 -1.011007203578166536e+00 -2.240097824280178784e+00 1.699018751603865063e+00 -7.782349700438733198e-01 -3.921312003138932578e-01 -5.890598673067233282e-01
6.671500726770515088e-01 -1.674234118829369899e+00 -1.111098156123078162e+00 -2.619385735946301086e+00 1.318670165963666152e+00 5.861928735955154179e-01 3.251375280930817596e-02 8.480269048851344360e-01 -2.171755095052082044e-02 5.159320251646284383e-01 1.375534556006996034e+00 -1.431891979214980903e+00
2.640159668416137695e-01 -3.632812255489389131e+00 -8.838820670261808843e-01 -8.116908634669190992e-01 -7.833257940548280507e-01 1.570916381898632697e+00 1.124931167068358440e-01 1.192585621590362077e+00 9.876116445865238402e-01 3.406580973287404723e-01 -3.571500560763822829e-01 -1.398625248257024722e+00
-5.174638444146388849e-01 1.070858136486339429e+00 -2.062012532165439005e+00 1.218349750168927326e+00 -2.139744087016844931e-01 2.778855674697155553e+00 1.522339207045599052e-01 -1.086764081875445154e+00 3.298370375547399758e-01 8.748660735703052138e-01 2.847116325845489015e-01 1.800599720321236774e-01
-2.549622478068735099e+00 -2.986743944022707820e-01 9.692043142797055477e-01 -9.748410694942118981e-01 -1.979359112348109129e+00 -7.000665716480282130e-01 3.176610475988274063e-01 -2.047753235904519631e+00 -1.763194961813680406e+00 3.231058713748998640e-02 7.139796599407964850e-01 -3.975424958333382275e-01
8.115365334663691144e-01 3.734164222153028012e-01 -2.375955474536310952e+00 4.301796041850885488e-01 3.001934659455762766e+00 2.423581761839953552e-01 -1.393835991083484771e+00 -7.531443849812582414e-01 -8.774935197557183209e-01 -8.400653170052332364e-01 1.249670942645048494e-01 1.335088960997344198e+00
7.041680084596738665e-01 3.235132614937442086e-01 8.486787193239851701e-02 8.387083734248945710e-01 1.004099171676742897e+00 6.936736720284865099e-01 1.073989930120078595e+00 1.282913335809801270e+00 1.758973728653060009e+00 1.157621082863303563e+00 -1.272242410293303649e+00 3.916941305603197643e-01
4.797129616236406879e-01 -1.441172524653571985e-01 4.957432214081746724e-01 -6.097896955377417605e-01 4.054223577048658989e-01 -2.031258668426816794e+00 -3.888710832584583721e-01 5.321464018061956847e-02 4.585105330250660582e-01 9.819348235206358799e-01 3.428427091794941650e-02 -1.199201446603856080e+00
1.628664482886895248e+00 6.355869961823992220e-01 -1.464000197969338890e+00 -3.821955183946393886e-01 -6.276922442174495687e-02 -4.018669505276428189e-01 -4.594260512227148485e-01 1.866822397814288381e-01 -1.816001856173743434e+00 2.408088985408203708e+00 1.104714903078653832e+00 2.597025417430074423e-01
7.692798069466775246e-01 -1.546066671684946048e+00 1.352725008318355904e-01 -4.845024182301955196e-01 -5.326176779180904486e-01 3.891807863441448245e-01 -2.738016915722350508e-01 -4.256355352721934993e-01 2.802716563151748108e-01 1.003465008784651946e-01 -2.629285429472858482e-01 1.809476395368195545e-01
-2.261311310945764153e-01 -2.167506708389854264e+00 -7.047810611509294221e-01 1.072238023357105080e-01 2.130104198713976826e-01 -1.245413686807536502e+00 -1.078211731995857736e+00 -9.511557552244710445e-01 -8.030862340163088531e-01 -2.369929737894773680e-01 2.233844666287665426e+00 4.840484788295235652e-01
1.794871618865316043e-01 -7.715439960443960521e-01 -3.037107647173252836e-02 7.724059271647674141e-01 8.948482578799802356e-01 -1.449926290550942465e+00 3.123655475627474254e-01 1.116511905052151726e-01 1.210372562810273944e+00 1.072775995198777421e+00 -1.079249232817335091e+00 1.844765399332591427e+00
9.090026921420300485e-03 2.695868995839948989e-01 7.151270462835542796e-01 3.045589854232934601e-01 -1.070413233500949080e+00 -5.229503204152828877e-01 8.721009114817788177e-01 -2.052653078817804122e+00 -5.949280643323563433e-01 3.284030243549038719e-01 6.568248163809646822e-01 -1.469054693673297329e+00
-1.054869240507572137e+00 -2.509334319624295651e-01 1.777957944784510913e-01 2.964257426653097438e-01 -3.583918503287036317e-01 8.048583823746038313e-01 -4.377949155721541641e-01 -8.035045377755859475e-01 -1.371541517155556722e+00 9.051564736858572768e-01 7.107831409130862532e-01 -2.265051653453188152e+00
-4.581956781543056190e-01 1.274759495728108538e+00 -8.568442347435640816e-01 7.095377018534844149e-01 6.675267610619904646e-02 6.643544850855561679e-01 -7.879020617524621350e-01 -2.008544712487180472e+00 -1.287693119660980878e+00 9.015172721424417057e-01 1.131643575771041910e+00 4.947999759043076318e-01
-6.740059339978106134e-01 4.810018818010772246e-01 2.281411484815285107e+00 8.121642294830172526e-02 -9.166700292922688176e-01 -1.741270284587179473e+00 -8.628274388844983656e-02 1.563583684387505612e-01 2.016195185120036815e+00 -1.191479652328741201e+00 9.944552894456658576e-01 1.212135653184975154e-01
6.571937684547941583e-01 9.831705682461086004e-01 1.073372378646793857e-01 2.630557472326320756e+00 1.404938989127120785e-01 9.887990832437399957e-01 -3.017249665950168525e-01 -8.293317551973286017e-01 6.062327620807376194e-01 -5.758991340052228569e-01 -1.477186528198288551e+00 8.507279912080559225e-02
1.750910610833270153e+00 1.138946301139486694e+00 -8.881345648810833326e-01 -3.775193607849450794e-01 -6.516221176536793891e-01 -1.248619085631237358e+00 -8.905188003794570761e-01 1.462045416504768935e+00 -1.561976133556843171e+00 -1.978463447601543024e+00 -1.758080391464435177e+00 4.022289440233463992e-02
-1.084093019940725738e-01 9.723355175056502819e-01 -6.140050563379905596e-02 1.129772704110868276e+00 2.724206118130183096e+00 -3.349521898221813343e-01 -1.562556108683272216e+00 -1.288444710131362303e+00 8.367503867733395717e-01 -7.395421779732451739e-01 -6.032814515359591345e-01 -1.504703081296138167e+00
1.588137779007188444e+00 -2.790052491463577700e-01 6.639662460522010035e-01 1.499438159961677730e+00 2.557735269882277507e-01 6.232374789929491232e-01 3.063525084377207164e-01 -7.996895422639167528e-01 1.207052913139197159e+00 1.602188526071252728e+00 -4.827338494229785892e-01 1.218235468486332795e+00
1.012793530511400641e+00 8.806534477004652750e-01 7.266772954794792350e-01 -1.577354452024089804e-01 -2.828700696996235275e-01 -1.461747759448026596e+00 -5.697292753579733526e-01 -4.576227464727030680e-01 7.836886119268416939e-01 9.726844403495382707e-02 -7.174831937071443067e-01 1.176187292593548241e-02
-9.319740614575284798e-01 -1.341538202763759458e+00 6.059104594495400287e-01 4.036755047819349795e-01 4.997866424485735148e-01 4.507432140703709900e-01 -7.585548316312809014e-01 -2.022076836492791241e+00 -8.507784807229154533e-02 -9.567231847408476098e-01 1.029992575780888764e+00 2.264125757336751810e-01
1.059993576015583056e-01 -8.215245682275027495e-01 9.090631352792692965e-01 -1.293714997124336685e+00 1.886078135736926731e+00 -1.696553537605706152e-01 -2.922297119081906369e-01 9.256717777689523752e-01 1.898829661399815960e-01 1.581748378080896744e+00 1.086870447447625843e+00 1.726690446461987216e+00
-6.100598052014714057e-01 9.207193648313849454e-01 1.347289583908015231e+00 5.186166306489066180e-01 1.320078624486020535e+00 -7.281903341647192329e-01 6.096263819529622596e-01 -2.552550785712279224e-01 -1.814350723159902645e-01 -4.937405556750575353e-01 1.735520952212473045e+00 1.574177403947248088e-01
-5.709435101779575250e-01 -5.496310448222164746e-01 7.059096335064637406e-01 -7.258882243321346239e-01 -5.068677547311618570e-01 6.766971287898131404e-01 -1.226910208050841389e+00 -6.723784610688512409e-01 1.566194656193052648e+00 1.359786348968181180e+00 -3.382824619752554662e-01 4.881854527819121659e-01
6.134654565354052957e-01 4.046437485439036141e-01 5.341135228751886510e-02 -1.296607008201634770e+00 4.185767144993357003e-01 5.585099113873700366e-02 2.122073765420057767e-01 -1.061574808072767162e+00 1.614184169819527226e-01 -5.667435268759036804e-01 -3.446927237573885194e-01 -2.413866017544728793e-01
2.432854733277427794e-01 -5.667904825090370746e-01 -3.922916381473325886e-01 8.439971369450380290e-02 9.031389039058654866e-01 -1.955886494231218187e-01 -8.338275756487888435e-01 2.355274286299979369e+00 -6.505390841829901127e-01 2.199357765949494226e-01 8.784944741035680682e-01 7.157248684218185941e-01
5.496385568934376575e-01 6.482101946970193485e-01 -9.891517291830489444e-01 4.098777920027772415e-01 6.418548653113214097e-01 -4.174450590602137301e-01 -2.920459861929362577e-01 -6.851210335886014358e-01 -2.095692969141129680e-01 -1.560223795619039011e+00 2.492767004427945132e-01 2.509675214310421065e+00
-1.622836526927149414e-01 -5.412929007294930289e-02 -8.037786624099995114e-01 1.309879083079255269e+00 9.815838415401039185e-01 -7.809990659891736797e-01 -1.426428225021988405e-01 7.093343281644111098e-01 1.822720823932125533e+00 1.341349248007560835e+00 -1.669129438420773881e-01 -4.424039740389935083e-01
-5.848090297873063115e-01 -5.599284664105916853e-01 1.131366696137975136e+00 -1.003939267881915898e+00 4.966677636268685969e-01 2.281371156801875744e-01 -1.436303472634226974e+00 -1.048538405626325831e+00 -2.177091725635502684e-01 3.280733149631236967e-01 -5.938732256943128895e-01 8.085075844159682612e-01
7.019035433018802062e-01 1.948485067836456530e-01 -3.870364886295514228e-01 6.439682561800053051e-01 -1.035210124427445900e-02 -5.672805278845531873e-01 -3.075168711703772373e-01 -6.209905181393574614e-01 7.423656544594031681e-01 -1.980370000863119484e-01 -1.388081292921790055e-01 -2.255038612511658103e-01
-9.040995078676619112e-01 8.127766438860741793e-01 1.622788238895381374e+00 -9.098537673892774791e-01 6.558292600566646424e-01 -6.759432312932491804e-01 -5.007365359178209824e-02 1.581327261331586964e+00 -2.441304802720501155e-01 8.755975380093230509e-01 1.296855005652206294e-01 -8.432422340141371153e-02
-5.371381437552777971e-01 2.143711971486398138e+00 9.012543399323782456e-01 -1.248974981340648549e+00 3.531716828846585554e-01 4.430653187774599155e-01 6.267632126492952427e-01 6.111660008727265968e-03 -2.663826819429190862e-01 8.926471874933683548e-01 -1.167497487262390221e+00 3.815809174471394005e-01
-1.570176634622987288e+00 -5.242338049087793550e-01 -8.400550536866031592e-01 1.409308711390126201e-01 -5.660941687538768585e-01 2.044922915523820439e+00 2.820591952079005149e-01 -2.219074657855877319e+00 5.042516571734577679e-01 2.368872083041888121e+00 -2.875892965992594252e+00 -1.180180332360883516e-01
-7.316478331519514766e-01 -2.696648660641224104e+00 1.482090965535766136e-01 4.375220626565391457e-01 4.159908753747174615e-01 3.854709470843236119e-01 -7.246050930419444258e-01 -4.031436963545242391e-01 1.926291202037534012e+00 -1.232250587979319301e+00 -6.565286449136841229e-01 3.286319555694368066e-01
-3.843076671601114436e-01 -7.367402710397934484e-01 -7.514172229878431919e-01 3.645350200621828018e-01 -5.437473074784688887e-01 -1.901295562657854266e+00 -2.297861264831124295e+00 -1.153784287096453615e-02 5.578441331062089503e-01 1.507088858719093816e+00 4.299978070580941503e-01 -1.827485767084252588e-01
-2.644945058666473559e-01 1.308055343448207619e+00 2.135657987171086236e-01 1.308159384190796359e+00 1.540408900516095247e+00 -1.363727049957472737e+00 -9.127493983977515990e-01 2.090954666350746116e-01 -7.002692021161695257e-02 2.506027724569898085e-01 -4.117765846886806691e-01 -1.664864852973357845e-01
1.259947018863671886e+00 -1.295979852883389016e+00 -1.150451475513560640e+00 -1.815974283490589203e+00 -2.203336367513696548e+00 -1.004057388359637315e+00 -5.249702525654502683e-01 -1.030772688308267737e+00 2.219316154334396440e+00 -5.516757986097519523e-02 1.647688216275334794e-01 1.721114191687301176e+00
-5.524487314591568499e-01 -3.006414326043659307e-03 1.648650114153915158e+00 8.416030392274185257e-01 -1.356733733440675493e+00 -1.576040704138581328e+00 -1.002605880884303247e+00 -3.271299574436790647e-01 -9.583881663849737054e-01 -4.346972964121541549e-01 -4.560206970460080611e-01 -1.667982544904369924e+00
1.432873379226814459e-01 -3.413873925426040290e-01 -1.467179638249863638e-01 -2.656836687888013970e-01 2.208322031066885585e-02 5.961542864173469125e-01 3.908802529431760764e-01 1.317157995745327215e+00 9.228721617831639468e-02 -2.803885613038025748e-01 -8.082404474700870534e-01 -9.832505999081855297e-01
-1.377434909038505406e+00 -8.097748381416633445e-02 6.686579396066590908e-01 -1.231813616340232259e-01 4.041806494039736908e-01 3.036831698717811778e-01 3.036615138457177121e-01 9.753176860109181723e-01 1.009372599834870571e-01 -1.303628117881837634e-01 3.640814140732019921e-01 -1.401345901775349345e+00
-2.382074250621890876e-01 -2.564138911774135332e-01 6.127778109548052132e-01 1.432769704925732857e+00 -8.334317016220518237e-01 2.841574972766774954e-01 5.673389924240112014e-01 6.313480069765652347e-01 2.628723694466540417e-01 -1.248666880107191623e+00 1.120509191910163516e+00 -3.515828436484726538e+00
-6.945322797209551036e-01 -9.281444134985711303e-02 -8.066414026482998656e-01 4.405390284972710568e-01 5.932718272111352220e-02 2.764182334984185974e-01 -4.179963678897177792e-02 -6.116592618814804538e-01 -1.326809871422152787e+00 5.574357417710981144e-01 4.088516735483841424e-01 -7.529962379983294873e-01
-1.080494401280429173e+00 5.587080328930111861e-01 -6.534062298842703287e-01 -5.285059767534824315e-01 -1.768919357133534209e+00 -1.119297396044040882e+00 2.764826312379045969e+00 -1.631593707760982392e-01 5.249700410018987712e-02 6.341581966992516917e-02 -5.413452951266353175e-01 -1.088726390842344571e+00
-1.112119998670053844e+00 1.683951724386513860e+00 -5.101038628024689991e-01 -1.441963874591485895e-01 2.330556687016229478e-01 -6.463074538188294804e-01 -2.376450803920846955e+00 -7.464940498613069630e-01 -4.920023282077793381e-01 -1.028909396168259605e+00 -1.646325242591181737e-01 2.086400110077946568e+00
6.898885255978219611e-02 8.466457498240593793e-01 7.426032855948643263e-01 3.843610256912286527e-01 -5.584195291429396857e-01 -8.591108813070531536e-01 -2.193192194350153668e-01 9.609670613979904852e-01 1.302054719235814728e+00 -9.655793983143945436e-01 2.344491638043172954e-01 4.606413325703843653e-01
-8.804428807120119327e-01 -7.688416372289157419e-01 1.152084999456632231e+00 1.432089093601418284e-01 -5.911849285851938224e-02 1.075026419915244169e+00 5.885363387207123154e-01 -1.290604286880635998e+00 -7.513717625927890387e-01 3.808009821149179741e-01 -8.178598409017453497e-01 2.506545681891019783e-01
-1.459162396446317178e+00 -4.893697937399695275e-01 1.399821075669439141e+00 6.526642783930992620e-01 -1.293885381121853362e+00 -1.237232021585493863e-01 9.229624772774942809e-02 -1.395996786570999237e+00 -1.640014279252686724e-01 5.512640498436510716e-02 -8.145702356982007508e-01 -1.140088973230841268e-01
7.679053137072436863e-01 4.787152942732049721e-01 -3.479120264829638903e-02 4.453235509832785266e-01 4.564297337285665446e-01 -8.538242528140579934e-02 -3.479519555741805714e-01 -1.985511189055328904e-02 -6.685409049034103379e-01 1.081074017836501922e+00 -1.184140858222618720e+00 1.069019037712286346e+00
-1.758858035044485180e-01 8.273579549131725441e-01 6.050743793274024895e-01 -4.453510562826701324e-01 -1.208983087163563175e+00 7.102796448434353094e-01 1.044058033109189348e-01 -6.519696537376403755e-01 -4.745881960978604597e-01 -9.662131724189111370e-01 5.454849234546204073e-01 -1.427177629450838481e+00
6.715453417427086347e-01 -9.468382142652668199e-01 6.341468830383162336e-01 6.305589197200635043e-01 -1.034175213707010155e+00 1.189295127945004388e-01 2.705807630255418483e-01 3.323121581404666625e-01 -3.259457893091825820e-02 1.976937288192057052e+00 9.677409291421865123e-02 -1.539500598312981694e-01
-1.025968719062975820e+00 -1.835149801676977110e-01 -1.144047980223297678e+00 -2.173853517242368416e-01 -1.718496626704890007e+00 -5.439491102705285019e-01 -1.282490903925649905e-01 2.493387227306622655e+00 1.182493391850879760e+00 1.070200502316261293e+00 1.565015408418024834e-01 -3.996122893557203515e-01
1.243603284548309595e+00 2.727903933341958798e+00 -6.347252414133989218e-01 -1.567000007352584268e+00 5.745111212950260171e-01 5.747985315141617146e-01 2.365821980291030469e-01 -1.116322130777741117e+00 4.695670071330798612e-02 3.919708544115181326e-01 1.622699503115202280e+00 6.670093587703240789e-01
-3.838685983779733801e-01 7.256238793070670656e-01 -2.811722206850720274e-01 1.123493638734320399e+00 2.892472743220329545e-01 -1.090848621697373955e-01 -3.109221177762962807e+00 -8.177590176321763993e-01 8.308035886032558714e-01 5.208071567061337559e-01 1.507237291452750538e+00 7.584363108470384418e-01
-5.998332984199224172e-02 -2.052967960008844905e-01 -5.163976684924967975e-01 1.381828304494241433e+00 7.195386334390007077e-01 -6.584359371969629171e-01 -4.323110383735185303e-01 9.341336751507184344e-01 3.150000387465332063e-01 5.222869788753988773e-01 -1.345725308191936032e+00 -6.214803508294989287e-01
1.461844143501222215e-01 -5.331946272192268355e-01 3.590733710141398305e-01 1.122271140139004642e+00 -2.325286651032567875e-01 -6.335927531083350717e-01 -2.146128279702569364e-01 2.810532154438460939e-02 -6.075566990810382650e-01 -5.294269729472963482e-01 4.493985403990208988e-02 -6.317104752082179919e-01
-2.775291162310178805e+00 1.372647740204677169e-01 2.306985598341262378e+00 2.068331068466073841e+00 8.769685937334117387e-01 -2.093878544977653355e+00 5.145089274510663557e-01 9.063497486317898533e-01 -3.946383791799362162e-01 -2.695347858220484838e-01 -6.067073591355999218e-01 4.575507099005111655e-01
1.007013024649407784e+00 -8.300932102792281109e-01 -1.578606626137329494e+00 7.752960685659834317e-01 -8.182691221216227273e-01 3.978797323079693027e-01 7.673405197717436677e-01 3.339906181095226856e-01 -1.671045529785043504e-01 5.758709524027666449e-01 -7.159292552106991669e-01 2.166398224260745742e-01
-1.182048541790491347e+00 -5.237318829846356882e-01 -2.378960657023900527e-01 6.666581564885198929e-01 -2.386582304452140146e+00 -3.450427207540831542e-01 7.068568648966301327e-01 2.004996953397166770e+00 -1.502725540464261655e+00 8.337244594323200975e-01 2.706586530825872972e-01 -1.910446924573668159e+00
1.241081365196934128e+00 -2.960273466557325484e-01 -1.383292507872472710e+00 -6.028324308831598533e-01 -6.573967286096928930e-01 -4.567597222185958983e-01 6.440192767213579472e-01 1.788944642343060776e-01 -2.421669220179486215e-01 1.133676172989744740e-01 8.595519997697796954e-01 -1.107575660955111063e+00
4.770643522896848010e-01 -8.657472599274881331e-01 2.984708328581661685e-01 -2.816004371564036490e-01 -5.127794211962375392e-01 -6.938751731855553606e-01 -6.079018880290265603e-01 -1.357898805290577604e+00 -1.862507951307849963e+00 2.233429279589383698e-01 8.337664807335221084e-01 -1.621633826535421985e+00
-2.507953239301239923e-01 9.841543646657053834e-01 -1.785555269532873857e-01 2.597456874466200216e-01 1.465371963910171715e-01 -2.444978304459772378e+00 1.293515394181165901e+00 -6.198577257610652369e-01 -6.569177408100798088e-01 -6.545187840926423029e-01 4.795013161410385250e-01 2.363367766972720996e-01
-3.256987681750104363e-02 2.611028083176110126e-01 -6.704038511795196165e-01 2.258944581523197215e+00 1.286296496375769260e+00 -3.466828180886306621e-01 9.432900731062235922e-01 1.453374306516066194e-01 1.040707545820578117e+00 1.958582150351308782e+00 -5.180948712704338543e-01 -1.641479684624777002e-01
2.056206728419027185e-01 -1.646234902231568376e-01 5.782570538230136226e-01 -7.339300282225278416e-01 -9.450096990807453912e-01 -1.054751674942410400e+00 2.788662420965702715e+00 -8.550364490186695976e-01 1.535042208234369161e-02 8.978442512357223126e-01 1.072645452959190893e+00 6.367423198679755814e-01
9.022290620607846812e-01 1.721706646822147302e-01 -4.236667087363073514e-01 -6.184441599720643667e-01 -6.428631318426640817e-01 7.132251723351851203e-01 -5.618584109492648082e-01 2.893096455164923864e+00 -6.444235733518268727e-01 -1.272836527258663364e-01 9.305808379818733544e-02 2.088124437776008868e+00
-1.934313549531410326e+00 1.116501903907308746e+00 9.694455068384158491e-02 -5.682713146755560274e-01 -1.987229298895802465e+00 -1.235082794656963578e+00 3.493777801582393927e-01 1.257060748827530494e+00 9.107803457579464190e-01 -6.048231246410465944e-01 2.852201698492614068e-01 5.613337981763552031e-01
-3.195346438101586695e-01 -1.164467496616952369e+00 1.943064805536166784e+00 2.254827970559029615e-01 1.109333457212253515e+00 8.816199360752465797e-01 1.543527020362794655e+00 -5.601323200367142041e-01 8.328271503004310850e-01 -2.254583823098217088e-01 1.979093632060844044e-01 3.512953692222938185e-01
-4.589913630572509118e-01 -5.834649258616662060e-01 9.275732426775662454e-01 -1.308054541983404984e-01 -1.703332822321257378e-01 3.430110483054526482e-01 1.222623668318154611e+00 -8.783181698478296218e-01 -2.227847717035797148e-01 -2.811390084237163633e-01 4.190134814722956680e-02 2.017507815094821577e+00
2.619266758345145663e-01 2.719782696770214891e-01 3.829181081927784946e-01 6.497536577884110987e-01 4.439481377384412175e-01 -1.520143176819761521e-01 -1.145644714687670263e+00 2.406704032005480831e-01 1.191797462108453720e+00 3.888829696664417024e-01 -1.702340963252046535e+00 -1.805425036442397102e-01
2.005231086256335171e+00 -2.414449850623521642e-03 -3.688153086353087584e-01 3.695553235660656299e-01 2.364949072261962326e-01 -6.715024684656533127e-01 -2.078433587703225172e+00 -2.305409225863324973e+00 1.225225128324025858e+00 -1.127397612878726196e+00 1.715882357763195198e+00 3.978246674533439387e-01
-7.634527485709488581e-02 -1.191747622902138426e+00 -1.627876132849489718e-02 1.203264588228279308e+00 -8.615646076612661908e-01 -1.309917470383245908e+00 2.511310059097991432e-01 1.088239114035479238e+00 -4.859913707329745480e-01 -1.231122499874637288e+00 -9.388240798604319259e-01 1.383782201147401913e+00
-6.371058609185102917e-01 2.066097318837542551e-02 -1.167393652030373374e+00 3.148144048369707182e+00 1.255155491498047615e+00 6.389593097301679570e-02 -4.986486405714388170e-01 9.498331006165839918e-01 6.908825647237727408e-01 -1.195534664628474575e+00 -1.564074523191237021e-01 9.290627320992823623e-01
5.663622603145480605e-01 -4.357178379730607398e-01 -2.766306850267750694e-01 -8.731978948539941277e-01 1.712817138886813861e+00 -1.501032846319092784e-01 9.694899405573847995e-01 -2.275123437026834172e-01 -4.630997851900857110e-01 -8.711766197483171437e-02 1.824857042051320155e+00 -2.381730974137642176e-01
-2.815416710370167719e-01 3.521359578268742907e-01 -7.001503455182400693e-02 -7.204261590560201434e-01 1.004937369995571261e+00 -1.085117868082220216e+00 8.093696820908626854e-01 -6.502761487077821645e-01 2.726856576510734431e-01 -1.744479506431561466e+00 6.287435823896865283e-01 -1.807219793152436527e+00
6.305638634194884462e-01 -1.057015225739887709e+00 -2.076252294914419316e+00 1.088300850255059737e+00 6.162919362224569264e-01 -4.840312077059111956e-03 -1.520396033248413437e+00 -4.923046796850342188e-01 5.545389359003175533e-01 -1.932365074354944548e-02 -6.485526189477493209e-02 -7.363128046724473075e-01
9.864809213689615941e-01 -1.259393754449146183e-02 1.752700122700572516e+00 -1.228764587674942454e+00 5.026029344303604152e-01 -5.297216835852969208e-01 -1.045501562748281543e+00 -3.720511815839285807e-01 -7.352321670428179079e-01 -5.462437485176381280e-01 7.607470334694657055e-01 7.421761681050674520e-02
-6.872011402172177874e-01 1.126845673430029171e+00 1.023298903230030810e+00 -5.945977168344561414e-02 7.508193630247630423e-01 -7.553815774398640048e-01 1.087634473942250768e+00 -1.391364711729672354e+00 3.073054915304658796e-01 1.422997424904872910e+00 2.473609478125367300e-01 1.049144160270202963e+00
-2.572150013318881823e-01 -1.294331024267704855e+00 5.401255172355549083e-01 5.560660209472781945e-01 1.897673531066920161e-01 -1.655605740213400789e+00 -3.252534044974443539e+00 3.863914869431117061e-01 5.076716109703892643e-01 -1.756963483272224735e-01 -9.419164987434616165e-01 7.705843758815533739e-02
1.672263596222302029e+00 1.177996956264688866e-01 -5.432462433487637021e-01 -1.529395892149219005e+00 1.086159211962576032e+00 -6.119200719087445339e-01 -1.247747561071420375e+00 -9.494330083443589530e-01 -2.489615957406940763e-02 -1.751195356871783071e+00 -1.526806563285469376e-01 -3.113273483845687140e-01
-1.197650620660601767e-01 -9.173734092803806917e-01 1.830942810451609448e+00 -3.998333413134952385e-02 1.447014461403653529e+00 -3.897620618884337085e-01 1.104231134661162406e+00 -2.010339893939301792e+00 1.189819151932836189e-01 -1.102487294658882760e-01 -1.710438163246685184e+00 4.540538999252003438e-01
2.777092060414020347e-01 1.769536243327665681e-01 1.424021451151732953e-01 3.858344249270911908e-01 1.514628314037141488e+00 1.330723005871832454e+00 -1.283382205332918913e+00 -9.179581834137244822e-01 1.065636748817566093e-01 -5.638761597470279829e-01 -4.490092343462264712e-01 -1.792674129470701316e-01
1.483636142990956364e+00 -1.092791888532184785e+00 4.192695972512901492e-01 -1.635402727046942450e+00 1.550409978622798501e+00 4.636002134253718876e-01 -2.897682351923128174e-01 1.138800966574186724e+00 1.443301114928499107e+00 1.878355281156091516e+00 5.651080512081045892e-01 6.495949112416108395e-01
6.275546164961138818e-01 -6.332075231369518331e-01 4.284875330796741877e-01 -8.959019931206921861e-01 -2.279807394569488110e+00 -1.531347997723928156e+00 -6.331494306898372004e-01 2.217053498805325873e+00 -1.550774017812113215e+00 5.282140397585445291e-01 1.555556344911640521e+00 7.783966531326425020e-02
4.767904419916840220e-01 -5.943017394218226279e-01 -1.194740802419026027e+00 -3.172035768384008358e-01 -1.199112931438698793e+00 -3.108946058957494096e-01 -9.971093614822998941e-01 1.196265687172479275e+00 2.567519039731222641e+00 -7.703438058327306548e-01 1.999185658077261840e-01 -2.588780218200144922e+00
4.792763549751050678e-01 -3.152779722256724981e-01 -1.858200500128942556e+00 1.417081021784107053e-01 1.229106436194309149e+00 1.089434725040620222e+00 5.401265362035100326e-01 -9.699331524665221194e-01 9.090985567886731289e-01 -6.915053797152961312e-01 -1.805518186336267483e+00 -1.192631436509839077e-01
3.126002069780668968e-01 -3.500047283290175226e-01 1.177994281920481834e+00 -7.885419221448272120e-01 3.061122844063333126e-01 3.383078642115281975e-01 -5.258529487391311319e-01 -1.236930532411201433e+00 -1.016203294500393595e+00 -1.623496362935007209e+00 -1.145055708897751573e-01 2.066385869090636707e+00
